Taxa	PC1	PC2	PC3	PC4	PC5
481	-14.1279955	-1.1252675	15.646935	-1.7773575	-2.130898
482	7.4438057	-1.7132711	1.2348003	3.1007137	-1.0068744
483	-7.714187	-1.6140949	12.441961	-1.3883781	-2.3424244
486	7.3874664	-1.7940711	1.2474474	2.5295522	-0.5685152
487	6.726402	-1.8029156	1.6353776	2.6634789	-0.5840495
489	6.22949	-1.8253914	1.5082554	2.0938463	-0.5543383
490	-14.90948	-1.2611378	16.091074	-1.3079127	-2.1036966
491	-16.030622	-1.1814213	16.800865	-1.7099022	-2.3532772
492	-4.0311704	-1.185248	10.51899	1.5730495	2.3798187
493	-16.42168	-0.9637766	16.973124	-1.9212325	-2.9940603
494	0.7237574	-1.7622616	3.0006468	3.7007987	-2.3416004
495	7.5558066	-1.720945	1.2152548	2.9828582	-0.48322016
498	-2.309221	-1.1358719	4.2144017	1.8317574	-2.3482082
499	7.544177	-1.5260248	0.92476946	2.444896	-0.18528692
500	-1.2773952	-1.2003114	5.3249454	1.402632	-0.9682918
501	-15.442487	-1.0749111	16.354786	-2.1442144	-1.8221561
503	6.937668	-1.3167017	1.409112	2.5338933	-1.0706824
504	0.8858189	-2.5440047	5.2926354	1.8029318	-1.249446
506	7.3171945	-1.7852161	1.189325	2.4328234	-0.50937897
507	4.0163984	-1.4687058	2.1987772	0.3371503	-0.0061983163
508	7.315869	-1.8028259	1.2810867	2.553015	-0.6838155
509	7.4009314	-1.8144677	1.1722887	2.8886871	-0.8307143
510	-12.908221	-1.6460853	14.534734	-1.9929173	-1.6188127
511	7.161534	-1.8397605	1.4720718	2.856035	-0.6778144
513	6.289876	-1.6052952	1.7164121	2.402613	-0.59801465
514	4.484068	-1.6613326	2.8676648	2.0141473	-0.7667012
515	7.8937793	-1.7251852	1.1449072	2.686655	-0.9253897
516	7.7381744	-1.8845924	0.89719003	2.5924628	-0.5535815
517	6.0343075	-1.7657521	1.6088976	2.13031	-0.46944538
518	6.4175444	-1.5494747	1.5932739	0.9673433	-0.09517773
519	7.717295	-1.7734092	1.0170192	2.791675	-0.7361172
520	7.7180796	-1.8649967	1.0509026	2.5185158	-0.95478725
521	7.7188487	-1.7626332	0.934643	2.5212138	-0.4365927
522	7.658339	-1.7881265	0.8226765	2.3509314	-0.43360987
523	7.275312	-1.7547133	1.1340938	2.4631839	-0.39633378
524	7.7335486	-1.8665222	0.94694567	2.6225772	-0.77541405
525	-6.9127026	-0.7479921	12.427237	2.0089045	5.2257876
526	-2.525425	-0.66575783	3.9208724	0.14511554	-0.46122134
527	-15.37334	-1.3618764	16.561666	-1.883271	-2.0947928
531	6.684185	-1.6823722	1.4148009	2.4418123	-0.8177258
532	7.5075707	-1.9569658	1.0106128	2.4555876	-0.26099443
533	-2.295486	-0.9630999	9.6052685	4.2763047	10.1394205
534	7.7615967	-1.8080847	0.7769194	2.595669	-0.63936234
535	-4.9596534	-1.5451666	11.566285	4.027768	11.761752
536	7.1460643	-1.8809801	1.174348	2.7749603	-0.4209634
537	7.694355	-1.6915104	1.1166075	2.951409	-0.49274552
538	7.79027	-1.8801723	0.9715761	2.9605205	-0.4791909
539	7.3489456	-1.7344522	1.2746954	2.785456	-0.80173457
540	7.7180076	-1.7153299	0.9994007	2.9295835	-0.55860883
541	7.5967245	-1.6591189	0.8630389	2.294344	-0.38888118
542	7.594936	-1.6302346	0.98589027	2.813465	-0.6550928
543	7.5175934	-1.7122614	1.250163	2.9458904	-0.38978943
544	-2.5014865	-1.2529778	9.942493	0.84614825	0.99590904
546	-14.549015	-0.8770532	16.324356	-1.2681588	-2.0436535
547	-16.930664	-1.0592481	17.519236	-2.4668775	-2.3366032
548	6.3551116	-1.7841429	1.3457575	1.5256902	-0.09581024
549	6.4600487	-1.389413	1.2942879	2.6685255	-0.82648605
550	7.7682896	-1.7752547	0.8813144	2.4758744	-0.5941529
551	7.098801	-1.6925442	1.3092543	2.6476238	-0.31420493
552	5.7335677	-1.540116	2.2327187	2.6785884	-0.82361203
554	6.920727	-1.8193952	1.297971	2.5655706	-0.3222745
555	7.558458	-1.7207499	0.9601788	2.733095	-0.80225044
556	6.9132514	-1.7787973	1.3037951	2.6024551	-0.44681653
557	7.763239	-1.7330874	1.0961688	2.5701766	-0.3483499
559	6.967589	-1.599866	1.4748813	2.7341778	-0.9034389
562	7.4689064	-1.6576091	1.0931295	2.799778	-0.52093935
563	7.463338	-1.8326153	1.1404878	2.8915749	-0.46577793
564	7.7847724	-1.6504235	0.82927334	2.47847	-0.6814912
565	6.641308	-1.5393882	1.3398296	2.148025	-0.65202564
566	7.5318227	-1.7392399	1.0469552	2.6212091	-0.42796627
567	-4.291637	-1.6695613	10.620317	4.0397167	10.998107
568	7.239058	-1.7435377	1.2062047	2.4744945	-0.7312784
569	-8.648159	-1.1109304	13.171277	-0.17978948	-2.5141463
570	7.280506	-1.7546084	1.1877565	2.658949	-0.5450576
573	7.5452385	-1.7027302	1.163852	2.4211576	-0.5317604
574	-5.0673656	-1.6259798	11.98015	3.870721	12.017675
576	7.774508	-1.8300073	1.0106812	2.4930015	-0.5595299
16	8.033528	-1.2674628	0.10125465	1.984529	-0.47660458
27	-6.254205	-1.2952894	0.20457922	1.6733699	-2.3632536
37	7.9838295	-1.5894703	-0.0026391123	1.8876163	-0.7057457
43	-2.898652	-1.8811504	0.124758504	1.3642751	-2.0152304
49	-16.245243	10.661786	-0.79881215	3.8885746	-2.1547377
5	3.6019666	-1.1209395	0.5732649	1.9115888	-1.7697475
50	2.5783904	-1.5944357	0.4548148	2.218443	-1.9242326
51	5.6472297	-1.1553874	0.15485287	2.125797	-1.9801728
53	4.9246125	-1.5764643	0.2659458	2.2186372	-2.1395469
59	-4.793162	-0.9996075	0.17694297	0.2020254	-1.9529327
6	7.606697	-1.4071778	0.23976243	1.6100397	-0.5865213
62	8.263815	-1.6015481	-0.0755764	1.5921856	-0.22256348
65	-11.140827	-4.790181	-1.6854174	2.5154061	-1.4551417
66	4.396352	-1.6744202	0.2903338	2.272458	-2.0566337
7	2.5651896	-0.8031421	1.6430852	2.4728818	-2.2673438
78	7.7293444	-1.2893094	0.05536869	1.9081327	-0.43904352
8	-9.181223	11.589782	-1.434748	4.255685	-0.3879659
80	-21.045155	20.129892	-1.32936	4.3435373	-0.24750605
82	-4.3043666	-1.9821773	-0.01238658	1.532731	-2.0930247
83	-14.324509	10.827628	-1.0815059	2.7914171	-0.8454827
85	5.7069793	-1.2466849	0.036362015	1.467648	-0.9211772
87	2.6650238	2.2386436	-0.5019793	2.3551936	-0.6736032
88	-18.85842	17.60982	-1.7519839	3.7643409	-0.55919075
89	-1.5179763	-1.6940581	0.065869875	2.054153	-2.3639488
9	0.59795725	-1.9338584	0.34104505	2.6648853	-2.0025644
93	7.4021354	-1.4218744	0.010678344	2.0090919	-0.7414605
94	-3.9293783	4.181611	-1.1548908	-0.24160172	0.9951769
95	-7.069665	4.327697	-0.9088134	-0.04312958	0.4026402
701	3.318974	0.82402825	-1.5742793	-2.1942704	0.47501713
703	5.4171877	-0.3453409	-0.76407546	-1.503064	0.81932795
704	3.602999	0.97378576	-0.79625434	-1.9965836	0.70218515
705	1.4275573	1.0114331	-0.5745475	-1.710738	0.7578582
706	-1.9200581	4.017119	-1.0354427	-0.17061245	0.15317193
707	3.088316	0.49989316	-0.65731215	-1.2880963	0.3193935
708	-3.5734408	4.884391	-0.9789832	-0.39171845	-0.82840943
709	6.7316403	-0.7734259	-0.5184602	-0.95378095	0.30807674
712	-4.248341	5.0461607	-1.1303732	-1.2694125	0.7065222
713	-0.5419426	3.4918416	-1.3278863	-0.783746	-0.029796058
714	-1.7724085	3.69528	-0.6924178	-0.09586017	1.25132
715	1.9473674	2.6208751	-0.9805023	-0.57608813	-0.49387142
716	-0.834489	2.414885	-0.65560883	-1.2674922	-1.2943121
718	-10.837863	11.530861	-1.3623625	0.58275133	0.19043946
720	5.580666	0.36779398	-0.65082204	-1.2405455	0.6466485
722	2.0372796	0.83327097	-0.18895587	-0.54919297	-0.3149746
723	3.6401062	0.50361854	-0.97007	-0.6316443	-0.56299096
726	3.364655	-0.20821612	-0.6022409	-2.2913826	1.1416763
727	1.6527641	1.8563908	-0.70094997	-1.4698867	0.0026981963
729	-0.72924995	2.9118445	-1.0450616	-1.2613815	-0.5829188
730	0.97372615	1.2924962	-0.84098136	-1.3193978	-0.7033947
731	-3.951595	5.5172725	-1.0230862	-0.13463141	0.38139293
732	0.4049824	1.5730056	-1.2556549	-1.4043525	0.034009203
734	5.9549093	-0.5027384	-0.4701978	-1.6398499	0.6597504
735	4.2846274	0.155877	-0.9670484	-1.9717116	1.0532495
736	3.9047596	-0.23953725	-0.8532535	-1.9685956	0.7618189
739	-1.816722	2.3573115	-0.59208727	-0.27822173	-1.0599393
740	5.5688562	-0.39327773	-0.7159568	-1.3706638	0.77369505
741	-6.0425453	6.977026	-1.1160781	-0.8544408	0.26235983
744	2.9808285	0.57096416	-0.8590913	-1.9001647	1.0194918
746	0.20884255	1.0070329	-0.35458735	-1.5778062	-0.36779436
747	2.6059904	0.7402896	-1.1659926	-1.9966406	-0.03430549
748	3.151634	0.19268946	-0.8128931	-1.6733061	1.0203507
749	6.1015096	-0.3710502	-0.7780994	-1.422103	0.43694606
750	4.769966	-0.31268895	-0.2069474	-1.6253892	0.59983104
751	6.0160437	-0.29868558	-0.9714279	-1.1371186	0.7784141
752	5.847273	-0.458802	-0.64195174	-2.0254939	1.0481834
753	2.3536217	1.9188701	-1.0368359	-0.74541605	-0.25252116
754	-0.37623549	2.2007327	-0.5135466	-1.3675673	0.2589815
755	0.85592127	1.2730265	-0.8298349	-1.9660398	0.45199093
756	-0.49437985	3.9217641	-0.7918797	-0.37696669	1.3185086
757	5.303682	0.058053132	-0.53467506	-1.7042656	0.47627774
759	-2.0236392	3.1479409	-0.872292	-1.6481588	1.1526676
760	0.9184986	1.8632568	-0.9632471	-1.9928974	0.27849746
761	1.1544642	1.1813176	-0.27777648	-1.0993717	0.04912897
762	-4.339104	5.609995	-1.0605208	-0.024948265	-0.41722238
763	0.3467229	1.4567014	-0.7505403	-1.4211644	0.2709049
764	1.5078372	1.8837295	-1.5491438	-1.9353877	1.0432912
765	3.7217212	-0.5188041	-0.5567346	-1.4108468	0.6279754
766	5.517569	-0.51207227	-0.51723325	-1.6091442	0.7804111
767	-6.612987	6.986828	-1.6911255	-0.295225	1.1178677
768	-9.332563	9.71959	-1.5840442	0.09786522	0.66470146
769	-13.021294	-4.333156	-3.0231671	0.66385156	-0.26956883
773	-11.487106	-3.651398	0.7530925	-1.5726153	0.04236669
774	-5.3912635	-3.2451708	-3.8061502	-0.19210844	0.650311
775	-16.602194	5.31609	-3.2433743	0.83353364	0.39387724
776	1.2115247	-2.086766	-1.8346777	-0.4048669	0.17811374
777	-10.723029	-2.4069147	-3.8814352	0.17834555	0.43064663
778	-6.566793	-4.1758747	-3.0967193	-0.210937	-0.33733845
779	-24.388954	-10.664638	-6.7931123	2.0345988	0.008809276
780	-11.405254	-5.6553526	-3.3287988	-0.98708797	-0.124433905
781	1.2977059	-2.0194612	-2.065227	-0.070585184	0.108396634
782	-10.170956	2.3392208	-3.1716025	1.5800923	1.5090445
783	0.5014782	-3.0261245	-2.2563648	0.23361099	-0.10365114
784	-8.80701	-3.6046965	-2.0159125	-0.654417	-0.14773864
785	-8.582481	3.6078424	-2.4163396	1.3419185	-2.6612153
786	-8.357606	-3.715933	-2.208519	-0.8165457	0.08586804
787	-18.220903	-9.944908	-5.795788	1.9378457	0.7159325
788	-10.620515	-5.040369	-2.329153	-0.32942006	-1.0702235
789	-7.0101514	-3.6251502	-3.6718504	0.012759323	1.0879055
791	-4.4501143	1.3672041	-2.3799546	1.0258571	0.71286935
792	-8.786449	-5.2532225	-3.604651	-0.44666487	0.9426983
793	-10.869125	-5.281738	-3.2555685	1.0289443	0.3507581
794	-5.5182014	-4.542377	-3.4492278	-0.3456018	-0.22360471
795	-21.314999	-10.085909	-5.748477	1.6112474	0.3915129
796	-20.486065	-7.6283674	-2.8939044	0.49115744	-3.170056
797	-10.595658	-2.7554567	-3.636665	-0.79560953	0.6642501
799	-2.468928	-1.7895608	-2.7633054	-1.3305347	0.31166953
800	-26.778143	-9.786272	-6.7347245	1.8040917	0.60125166
801	-7.6185246	-4.6929703	-3.1640582	0.24249172	-0.3828835
802	-9.30798	-5.497092	-2.3978136	-0.6343055	0.28349382
805	-9.324456	-0.52274334	-3.1993065	-0.30131647	0.33710507
806	-4.05202	-2.6273043	-3.3249876	-0.71142036	0.41521525
807	0.60216254	-3.1955085	-1.4901845	-0.5957212	-0.3722892
808	-14.819578	-7.5570197	-4.121341	-0.6304796	0.024092035
809	-7.318089	-5.0927505	-2.7626202	0.8854123	0.2925461
811	-24.395113	-11.023718	-6.3297353	1.8816651	0.35920826
812	-5.135079	-3.472254	-2.470868	-0.30527666	-0.34512994
815	0.2819606	-3.0189283	-2.0844	-0.46743047	0.8372742
816	-6.7515225	-3.0470018	-3.1859765	-1.0978891	1.307195
817	-11.149224	-5.721346	-4.3409758	0.54308766	0.7138243
818	-7.92477	-4.3300757	-1.7456784	0.44105548	-0.72249496
819	-9.5696335	-6.254821	-3.3286736	-0.28193116	-0.5770191
821	-13.318387	11.028951	-2.5345411	1.8201715	0.18996723
822	-2.3277729	-2.6835933	-2.9813	-0.85740936	0.7560177
823	-9.264036	2.4787197	-3.0094697	0.04579834	1.2867507
824	-4.374539	-4.5069404	-3.0468087	-1.066381	1.0050614
825	-4.7094355	-2.4690769	-2.7136161	0.42298636	-0.24237289
826	-11.314774	3.223042	-1.5462092	0.99373657	0.3557364
827	-11.419289	-4.9445243	-3.1713924	-0.85360175	-0.37888536
829	-3.1787205	-2.292586	-2.4532764	-1.2688982	1.2117801
830	-12.933654	7.5645766	-3.3839202	0.8330194	1.1753248
831	-4.3898587	-2.2239354	-2.1774325	-1.5258372	0.65199065
832	-25.096424	-12.205621	-6.658023	2.0275304	0.71432
833	-12.173437	-5.3419104	-3.2284422	0.7131682	-0.60725325
834	-5.8817863	-3.933772	-2.3619514	-0.72155917	0.33520645
835	-15.301636	-8.245577	-4.64187	2.092563	-0.2225401
837	2.1862032	-1.5829977	-1.7776341	0.5065842	0.39491552
838	-17.679373	-8.45699	-5.755852	0.59995353	1.1925144
841	-7.6649895	-2.7814708	-2.5557659	0.2399227	-0.22572556
843	-7.8653083	-4.4618573	-3.6424026	-0.86355036	0.6029431
844	1.1854194	-2.0657654	-1.0195488	0.12089269	1.265987
845	-5.9638696	2.6294022	-3.4065897	-0.29131785	0.5913328
846	-5.669256	2.0373924	-2.4974637	0.09560515	0.09924882
848	-5.2874885	-3.9863253	-2.6923997	-1.6696037	1.0246335
849	-12.331809	-7.7677116	-4.6155677	1.0635711	0.38784835
850	-9.516036	-4.356219	-2.3798225	-0.4389804	0.107120834
851	-12.719496	-1.1753328	-3.5719812	-1.1456323	0.36278972
852	-7.918265	-2.7495134	-3.7732704	0.5091707	0.49514553
853	0.8539359	-1.8665941	-2.0522451	0.40116924	0.075413205
854	3.6077588	-2.3969104	-1.0776244	0.9374329	0.52579296
855	-6.6815877	-5.169254	-3.549785	-0.36283016	1.0243659
856	-8.481357	2.343512	-1.9340374	-1.4865779	0.7939967
857	-9.5714655	-6.392047	-3.777508	0.16943419	0.15534285
858	-11.755568	-4.7610145	-1.7876608	-0.42775613	-0.41577467
859	-5.6723957	-3.7979417	-2.492858	-0.39841238	0.181226
860	-3.9486234	-1.5552306	-2.1812065	-0.58081806	0.47526428
861	-3.9642951	-1.2602242	-2.9712214	-0.0749581	0.526844
862	-9.009716	6.502798	-1.6127146	2.3418167	2.1066318
865	3.1670547	1.8282588	-0.7792262	0.2857503	-0.67008793
866	5.6274285	0.76043254	-0.47144866	0.27938548	-0.19163243
867	2.9403067	2.7630777	-1.169625	0.5981208	-0.47594723
869	5.540346	0.70897514	-0.6380216	0.048351906	0.03047455
870	-8.774568	10.971165	-1.3547635	0.64819396	0.6311307
871	6.3138595	-0.20179623	-0.9364662	-1.145209	-0.02192194
872	5.7351832	-0.32585198	-1.0535079	-1.7428292	1.1986859
873	4.562575	1.1157554	-0.61465234	-0.3052826	-0.4192182
875	3.3438947	2.367169	-1.2296872	0.9285043	-1.0864632
876	-6.122305	9.878271	-1.5710499	1.1124095	0.071021944
877	4.972432	1.5349693	-1.1333923	-0.3897743	-0.16120735
878	-12.94892	14.705356	-2.0283823	1.8916429	-0.23784058
879	4.801861	0.29350394	-0.8100988	-1.1539971	0.6036096
880	5.9640117	-0.51110405	-0.7017962	-1.3533146	0.6920373
881	5.3790736	0.8293451	-0.50541127	-0.3360905	-0.33737448
882	2.0272064	3.2013385	-1.2512882	-0.48414874	-0.26024136
883	4.277782	1.4763821	-0.8657985	-0.46016368	-0.027132688
884	3.5418596	1.6640939	-1.0515125	0.27901942	-0.2602424
885	3.996503	1.4451389	-0.85726434	-0.24985315	0.18980566
886	2.3966227	3.0315902	-0.9269841	0.34724414	-0.83163625
887	-9.387385	11.211213	-1.6885092	1.6014643	-0.08283579
888	7.8399544	-0.8593929	-0.4608962	0.43374848	-0.1021183
889	4.5243726	0.9134759	-0.9026165	0.06884919	-0.40897083
890	5.8370566	0.012501989	-0.82534295	-0.24793231	-0.2920921
891	1.8339219	3.4940443	-1.1669792	0.67723525	-1.0838137
892	-2.9468577	7.6094537	-1.5820397	0.7534306	0.19700433
893	6.2632823	0.11125933	-0.79748595	-0.24032314	0.43608096
894	6.980125	-0.13606082	-0.6209719	-0.39737195	0.71994483
895	6.2608275	-0.36854202	-0.62427425	-1.2079486	1.2241632
897	4.7727227	1.0330766	-0.7665327	0.518384	-0.8805109
898	4.2250533	1.6498498	-0.8611689	0.9095628	-0.93992454
899	5.577583	0.8239789	-1.0028461	-0.14583038	-0.436091
900	-1.6442009	6.069617	-1.1395105	1.7050751	-0.8169649
901	6.1335783	-0.01480192	-1.170743	-1.671537	0.73041165
902	7.295353	-0.48245242	-0.99032074	-0.70781726	0.45306674
905	-8.559604	11.869028	-1.7110953	1.8221507	-0.3627839
910	7.9665065	-1.0970078	-0.40255406	0.9584359	-0.16136752
911	2.542317	2.5167274	-0.54577976	-0.6449318	0.65062153
912	7.6089177	-0.49432418	-0.7583084	-0.104597084	0.23725323
913	5.747523	0.470857	-0.7761274	-0.46195558	-0.209639
914	4.605573	1.7152327	-0.55674964	0.3809273	-0.286842
916	1.3203481	3.5903652	-0.5868683	1.6520348	-1.3105303
918	5.5111694	-0.014383034	-0.6254953	-0.9421583	0.38471368
919	6.464222	0.017114509	-0.5692038	-1.1568674	0.41366032
920	7.3341513	-0.76368785	-0.77844393	-0.99346644	0.54720753
922	5.0419345	1.1380984	-0.83392036	0.22526133	-0.06894887
923	4.058398	1.9745083	-1.3394961	-0.4303846	0.023548858
924	4.800259	1.230881	-0.62304217	0.49214122	-0.14255732
926	-3.0274005	6.276867	-1.5230032	0.024754943	-0.97381663
927	-3.6140807	7.6470623	-1.5826881	1.4267361	-1.7280928
928	6.3685613	0.078892164	-0.9171912	-1.3346735	0.6576052
929	3.9543076	1.717058	-0.87969023	1.1784123	-1.3326281
930	4.0553684	1.5958498	-1.0167167	-0.677762	0.21410795
931	1.8597207	3.7919996	-1.41362	0.55983704	-1.3922724
933	6.7403545	0.2380297	-0.3302325	0.26852438	0.10458693
937	4.9915195	1.2202194	-0.7764786	0.31235108	-0.5973521
939	5.5175147	0.561514	-1.0020673	-0.30600765	-0.17080566
940	4.66379	0.70558274	-0.7994285	-1.0349188	1.1942996
941	-6.3142567	8.644711	-1.9899311	0.20051685	0.5933723
942	0.6235912	3.9826572	-0.64689815	0.9414565	0.6737467
944	-8.511382	9.415663	-1.4428151	0.036154114	0.9202756
946	6.222316	0.36401388	-0.78533924	0.3856744	-0.49860808
947	4.0428843	1.2608753	-0.82549506	0.11075019	0.16933253
949	2.8107195	2.4068453	-1.2164142	-1.379593	0.700127
951	3.6272397	1.5688528	-1.1184391	-1.2041236	1.2913375
952	-3.5494606	7.6648183	-1.0996988	0.75274444	0.5754971
953	0.3782109	4.781191	-1.4189234	0.25553086	-0.63649404
954	3.2585719	2.2435334	-0.86370724	0.8518188	-0.36715332
955	3.705117	1.9523562	-1.1866337	0.3773683	-0.65704995
956	7.554741	-0.8474387	-0.4081139	0.35824054	-0.12269461
957	-5.368714	8.669957	-1.2208619	1.6020323	0.28149357
958	7.2729135	-0.72765976	-0.33262214	4.9354363E-4	0.21533868
959	7.270251	-0.51023346	-0.71234936	-0.25415003	0.46659872
960	1.025097	3.4783273	-0.9879175	-1.1138633	1.6786513
1000	3.1920133	1.4397804	-0.4971646	-1.3389916	0.81001425
1001	4.488048	0.29100272	-0.043268997	-0.9941387	-0.40755463
1002	4.809676	0.19284981	-0.19673663	-0.5946953	-0.40842274
1003	4.2614756	0.35677662	-0.037747573	-2.294829	-0.05356174
1004	3.0401738	0.53359026	1.3104684	-1.6429454	-1.0603368
1005	5.538236	-0.3101463	-0.5551291	-2.2326274	1.2835007
1006	4.8180833	0.103728235	-0.5983454	-1.3355664	0.9167783
1007	3.7743168	-0.3112161	-0.53679377	-1.9174738	1.287677
1008	6.5823956	-0.40929404	-0.47037417	-1.5738764	0.69953084
1009	5.422419	-0.42622656	-0.014571023	-0.7668607	-0.15669708
1011	1.464751	2.6278958	-0.5937651	-1.3086066	-0.095515974
1012	4.0809536	0.4916578	0.47445118	-0.2749454	-1.3115871
1013	6.4821234	-0.90062356	-0.19931713	-1.4687405	0.29096535
1015	0.35966578	2.8957016	-0.8594012	-2.2250469	0.5719846
1016	7.5239544	-1.0499303	-0.42403755	-1.3883495	0.9029981
1018	3.9775825	0.07124997	-0.023164846	-1.5717807	-0.2706099
1019	4.86608	0.19683413	-0.015865287	-1.781923	0.24101941
1020	4.8032494	0.14567268	-0.16270512	-2.8980958	0.53305835
1021	2.8496976	-0.9188433	0.98770076	-3.0941496	-1.1062133
1022	-0.11548722	-1.0985107	3.811326	-3.848092	-0.17443253
1024	4.0948143	-0.03414166	-0.93182766	-2.0675962	1.1495837
1025	3.6195626	0.9135744	0.48417985	-1.3102003	-1.363029
1026	5.002744	-0.0043265074	-0.2963785	-1.3815494	-0.11645338
1027	3.3369057	0.4792264	0.6199628	-0.78733814	-0.29586288
1028	2.9890456	-0.45317227	0.90651935	-3.3516448	-0.20255806
1029	5.073203	0.022047391	-0.5922905	-1.7898482	1.3854206
1030	5.473264	-0.77611715	-0.06598274	-2.0964549	0.8121402
1032	6.0832076	-0.35634688	-0.6468873	-1.7854635	0.69089794
1034	-5.1010227	5.485556	1.1578699	-1.800335	-0.5542682
1035	4.4803047	0.0650152	-0.26727232	-2.293593	0.5507708
1036	6.650272	-0.30291647	-0.6119312	-1.6014062	0.53362083
1037	6.8373346	-0.50486004	-0.53296196	-1.5131257	0.44076896
1039	4.1626544	-0.48407677	0.79610866	-2.1926904	0.510754
1040	5.823638	-0.75800025	-0.530018	-2.2506607	1.2499934
1041	5.1884904	0.12304475	-0.012533297	-1.016318	-0.026207112
1043	-0.04032904	-0.6812929	3.3059008	-3.1945777	-0.34436
1044	4.8737345	0.41413206	-0.18973039	-1.1891549	0.04646763
1045	0.8635873	3.1199884	-1.2912769	-1.5101511	-0.63604647
1046	6.0790462	-0.3775888	-0.4641592	-1.2372564	0.95776707
1047	4.583294	0.31492376	-0.5905056	-1.9310079	0.47999725
1048	6.510579	-0.5544166	-0.59467405	-1.9263084	0.8633178
1049	4.3767204	0.06314679	0.20803346	-1.3574547	-0.5142532
1050	0.24642332	0.5217791	2.857764	-2.0501313	-1.2470094
1051	5.6298895	-0.21443035	-0.056915537	-1.2266804	-0.059359126
1052	6.7516704	-0.7568209	-0.16573033	-0.96407557	0.6744059
1053	-1.3042086	0.30640313	3.9488993	-3.2047174	-0.7782478
1054	7.1365232	-0.8770977	-0.19125544	-0.980532	0.14913952
1055	-5.938304	8.08947	-1.7890985	-1.0975945	0.86660856
1056	6.1867666	-0.051168486	-0.7136458	-1.7597646	0.8272456
961	3.5348103	0.3464424	0.08933711	-0.890108	-0.5820216
963	4.0261197	0.55529726	0.65928644	-0.3170193	-1.2309319
964	4.5276203	0.24286202	0.24075674	-1.9090134	0.0063730734
966	3.9397469	-0.09472671	-0.7258128	-1.6170162	0.69546014
967	2.6788735	-0.18390892	-0.6836117	-1.7746229	0.65644735
969	3.8366106	0.17588325	0.22978075	-1.0793898	0.008691462
970	-1.2077284	5.791652	-0.9997545	-0.9185261	0.34590238
972	5.5507445	0.21671697	-0.42138463	-1.2940962	0.18649562
974	6.969821	-0.7088855	-0.45349634	-1.2933004	0.7196403
975	6.017951	-0.7630473	-0.24673747	-1.6327639	0.46767452
976	5.5892806	-0.7850863	-0.6555899	-1.5254953	0.9036461
978	6.296661	-0.44503137	-0.09102324	-1.0166672	0.038194682
979	4.3215747	-0.499452	0.02356153	-2.0796542	-0.377485
980	0.7419973	3.4414563	-0.6615223	-1.1182011	-0.056159016
981	4.850815	-0.3855892	-0.1597208	-1.3033215	0.11905851
982	4.632783	-0.7738255	0.80581135	-1.957631	-0.0033831566
983	7.3950562	-0.7376995	-0.5976169	-1.1100376	0.61192995
984	0.5772032	4.479736	-1.3229808	-1.4864292	0.4308503
986	4.28694	-0.27635494	0.0891939	-0.98528934	-0.15094778
987	3.3058963	0.3598511	0.66553783	-1.1371955	-1.2201582
988	5.104456	0.13897769	-0.041630864	-1.7599051	0.10982768
989	5.92303	-0.29231784	-0.14150973	-2.082403	0.7489529
990	7.593632	-0.8051067	-0.34401548	-0.10530267	-0.2016829
991	6.5191407	-0.62812483	-0.32102346	-1.2992399	0.8875261
992	-7.789226	10.085051	-1.7887126	-0.2519296	0.41389245
994	4.3779445	0.4591121	-0.06385625	-1.228563	-0.35796613
996	2.7056956	1.4813476	-0.15168147	-2.0925336	-0.582032
997	6.632641	-0.74923277	-0.015040219	-1.2767178	1.0197847
998	5.333217	-0.6643126	-0.2079318	-2.143417	0.36023223
999	5.8001666	-0.15920365	-0.6977836	-1.9377352	0.65235937
443	-8.273648	-0.5025231	2.846672	-1.9476217	-1.8721445
444	-6.817466	-0.9132329	2.180319	-2.0162055	-0.72236323
445	-9.298096	-0.46483403	5.0356646	-3.0208855	-0.7666095
446	-6.98738	-0.4465481	2.7663646	-2.4681292	-0.24893032
447	-9.641106	-0.5836802	3.3957276	-3.148947	-1.3306425
450	-8.4292345	-0.914097	2.9434159	-2.0749853	-1.460102
452	-5.244655	-1.0576384	0.64941233	-1.2207341	-1.035956
453	1.1053574	-0.7939619	-0.09695606	-2.2385223	0.355446
454	-1.7135875	-1.2071029	-0.15474391	-2.343657	0.15148014
455	0.7835683	-1.2401016	-0.34690613	-1.6840235	-0.15971002
457	-6.8711777	-0.1880672	4.5197206	-3.9271302	-0.5165504
458	-2.9194818	-1.5133324	0.18191253	-2.376609	0.18777333
