Taxa	PC1	PC2	PC3	PC4	PC5
H008	-1.5633515	-1.3478638	-5.052179	-1.7676864	1.7426302
H010	-2.7912874	-1.1622202	-2.603276	0.5187626	3.392982
H011	-6.878482	-1.6707536	1.4222798	1.4504491	2.7797966
H012	-7.435029	-2.2583642	1.69277	1.3880719	2.6927187
H013	-5.085149	-1.5998987	-0.14366896	1.6632522	3.605076
H014	-4.98339	-1.5656759	-1.0053576	0.17518075	2.528754
H015	-4.694514	-1.4723192	-0.6044299	1.7217855	3.2595847
H016	-6.2731996	-2.3084145	0.71949375	0.9849614	3.0594144
H018	-3.5205	-0.8009026	-0.59296465	1.8114283	2.7115128
H019	-3.4228516	-0.74207574	-1.323687	1.7230136	3.7841506
H020	-0.35127094	1.5087229	-2.6040354	2.9757159	-0.6843565
H021	-3.100966	-0.68113446	-1.8099719	1.4968016	4.5957446
H023	-5.9154534	-2.123292	0.49470103	1.2042456	2.976826
H024	-6.7043695	-2.4303498	1.5841883	1.0695784	2.8045208
WU008	-1.9638821	0.36337045	-3.0723476	2.9014585	-2.646085
WU010	-5.6425457	-0.38963753	0.8215338	0.7138048	-1.522638
WU014	-5.8395343	-1.0418828	1.3497173	0.48592174	-1.0487622
WU015	-3.32325	-0.38177612	-0.8132167	1.0050704	1.9322695
WU016	-5.7071385	-1.1865864	1.346607	0.8624993	-1.4196829
WU017	-2.964284	-0.58311945	-1.3417956	1.3173863	3.434813
WU023	-5.2468047	-1.4793206	0.6713381	0.9359586	1.3414552
WU024	-4.0290213	-1.2979367	-0.24635965	1.5112189	2.1181548
WU025	-5.2164264	-0.91331226	0.36517075	0.7671989	1.2707367
WU028	-4.872424	-0.95938206	0.22561039	0.98056686	0.21404491
WU029	-5.3042955	-1.519766	0.28644022	0.5719435	0.20179024
WU031	-4.586223	-0.50811374	0.5243389	1.4546633	-0.13332526
WU033	-2.9879231	-0.48126718	-1.1240562	1.2944081	1.5453367
WU034	-4.5756445	-0.55830634	0.6800934	0.5968335	-1.4975489
WU036	-4.5096	-0.7760583	0.36168346	0.58888656	-0.3946927
WU039	-3.3596685	-0.85568035	-0.88488567	1.128623	3.755903
WU041	-3.605142	-0.9587614	-1.1746502	1.5466355	3.3384717
H025	0.38665614	1.5161601	-5.988679	6.1385074	-5.0816584
H027	-2.8229272	-0.22615513	-1.8158877	4.4762654	-3.8878841
H028	-0.5448262	1.0296189	-4.36805	6.190072	-5.004299
H029	-1.6839826	0.07312681	-3.9857771	4.7876964	-4.3541307
H030	0.14402223	1.0561625	-5.5133824	5.582628	-4.7905803
H031	-0.27223116	1.0126998	-6.473821	6.5996222	-5.5380006
H032	-0.6171335	0.75973153	-4.8626156	6.1791058	-5.2864804
H033	-0.5305007	1.0142406	-4.8513007	5.6438956	-5.23016
H034	-1.7367743	1.0308671	-3.5364091	4.6792316	-3.9430683
H035	1.4119469	2.0904453	-7.363021	7.9022417	-6.520623
H036	-0.48763695	0.88989353	-5.719652	6.2949653	-4.0008135
H037	-2.3377314	-0.31772268	-3.2448359	4.055609	-3.1911628
H038	-4.351177	-1.0401672	-2.197316	4.0218177	-3.304844
H039	0.5409376	0.5678141	-5.132597	4.4874296	-4.497255
H040	0.19290686	0.76889116	-6.4851594	5.821445	-3.6890125
H041	0.64152753	0.87049925	-6.41332	5.9416437	-4.5008655
H043	0.005622482	0.6175614	-5.5157633	5.725281	-4.256344
H044	0.5788317	0.6182455	-5.4955683	5.1505904	-3.9853864
H045	-0.27317846	0.6400897	-4.864077	4.792819	-4.683896
M008	0.19763832	0.8560977	-5.668776	5.637867	-3.1899617
M009	0.9065266	1.6113356	-5.908879	6.633604	-4.83449
M010	-0.11771729	0.9448347	-6.538441	5.6222486	-3.3664587
M022	-1.2803429	0.74799114	-4.682147	5.1541386	-4.501439
M023	-0.6883133	0.15918717	-5.226764	4.6596236	-0.4692265
M026	-2.204564	-0.44636807	-3.5889845	3.196815	1.4145241
M028	-1.0355761	-0.2028631	-4.220985	2.9785423	2.3998585
M040	-3.7411551	-0.7942689	-2.2719462	3.4220443	1.2511994
M042	-0.8768721	0.29101598	-3.727916	2.6817536	2.6377199
M045	-1.8418946	-0.6585516	-2.990596	2.6545975	3.7822745
WE007	-0.53430617	-0.054087285	-4.2010164	3.1632988	3.006608
WU040	-2.098728	0.04744313	-2.6644924	4.5930614	-4.4018598
H047	-0.19894639	0.45593265	-3.3704557	1.6336685	3.3472965
WE014	-1.9874357	-0.4166116	-1.1383399	0.98215574	1.7279022
WE015	-1.1266997	-0.30685252	-2.744188	0.95259035	2.4251401
WE016	-0.65590847	-0.40153852	-3.226862	0.54315645	0.7563816
WE017	-1.6195077	0.040427063	-1.8942593	1.5115033	1.8010812
WE018	-3.2663038	-0.04795302	-1.0875028	1.0205909	-0.2754378
WE020	-1.3855388	0.32661378	-1.4888935	0.6767456	-3.1355455
WE021	-1.01048	-0.003466272	-2.4630191	1.2530152	0.22188838
WE023	-0.37464863	0.51002705	-2.635347	1.5931988	-1.3350708
WE024	0.22621998	1.3212298	-2.1965034	1.2940623	-2.692015
WE026	-0.13630487	-0.5906416	-3.0621698	1.4853164	1.455251
WE027	0.30029684	0.5530563	-3.183888	0.867363	0.15399031
WE028	0.7867717	1.0768691	-2.7260706	1.3114481	-3.2610986
WE030	-0.29636726	-0.07957072	-3.4006567	1.9009922	1.8269281
WE031	0.27032712	0.7757959	-2.8109102	1.03157	1.5745974
WE032	-0.026905041	0.27579907	-3.004041	1.3646472	0.9802522
WE035	0.19701037	0.79572684	-3.0844045	0.87588185	0.9800244
WE038	-3.2462227	-0.6464776	-1.0696852	0.7840816	1.656601
WE040	-3.201978	-0.656062	-1.2819057	1.0623482	1.6253313
C101	1.0853274	3.7112317	2.8652992	0.7100551	-0.94987696
C102	2.1487725	4.1359515	2.5219462	0.6945145	-0.029959636
C103	2.8359458	4.7710075	2.1073227	0.6968301	0.46018282
C104	2.517437	4.3683405	2.2033575	0.93898344	0.14505988
C105	2.3018162	4.2821918	1.8068211	0.49343386	-0.31957066
C106	2.9135404	4.796376	1.5683265	0.8960164	-0.11044172
C107	2.4966528	4.417054	2.6725502	0.9503858	-0.5226788
C108	3.0461752	5.3134637	2.504243	0.7459054	0.19763245
C109	2.3002872	4.4632335	2.4637566	0.6880213	-0.20942259
C110	4.614572	6.755244	2.3764546	0.6142797	0.37974337
C111	3.473656	5.59353	2.0612547	0.92502934	0.2768657
C112	3.5142019	5.760211	2.59136	0.74225974	0.8822122
C113	1.3904966	3.4047377	2.1018655	0.5652974	0.81530064
C114	1.8821877	3.9208264	1.5281154	1.2250798	0.3005594
C115	1.4185785	3.5741723	2.018635	1.3232082	0.7785359
C116	2.5392132	4.4087787	2.0346174	0.93981427	0.6254539
C117	1.5081073	4.1195498	2.1959174	1.0519099	-0.3147701
C118	1.6630905	3.79644	2.6977487	0.89566576	-0.29714182
C119	1.9787674	4.1500616	2.8384833	0.8186193	-0.44344032
C120	0.8018477	3.05936	2.606075	1.5137995	-1.3262904
C121	1.8143005	3.2958019	2.0554984	1.1141838	-0.010152771
C122	3.2341647	3.617088	1.1484997	1.3561244	0.83323675
C123	2.208148	3.7456043	1.5743976	1.1279513	0.2198041
C124	1.5117421	3.610076	2.5115929	0.91024613	0.28220335
C125	1.1344539	3.3573453	3.141831	0.97109514	-0.06480877
C126	1.1959146	3.4863694	2.2673454	1.2862431	-0.4658746
C127	0.8087025	3.104775	1.0862993	1.1838338	0.99636024
C128	0.39539403	2.5525167	2.057629	1.128801	-0.6310286
C129	0.97654897	2.9611766	0.6876318	0.66246367	2.5215685
C130	3.5736403	5.0906124	1.72286	1.3536721	0.28763825
C131	6.186046	6.122387	2.2119153	0.82518506	0.43424824
C132	3.0366726	3.9311829	2.4952538	0.2711194	0.33420137
C133	-0.029038597	2.8506246	2.3499205	1.110461	-1.465806
C134	0.807322	3.2213013	0.86240846	0.8908488	1.0013142
C135	0.8988235	2.1936498	0.4728243	1.051287	1.7019982
C136	1.9477648	4.2405214	1.8281935	0.14503136	0.8549684
C137	-0.5321826	2.1157405	0.82369256	0.9501527	0.47779113
C138	2.2802355	3.761871	0.78117794	1.2616426	1.1721578
C139	1.6356744	4.3268666	0.9540233	0.58006465	1.1082542
C140	3.2866857	5.8254104	1.383502	-0.11225429	0.11813006
C141	1.1147025	4.195288	1.216778	0.818754	1.0145981
C142	-0.4017742	2.1080227	1.2869593	0.43135983	0.9731912
C143	0.828026	3.6022172	2.1971636	0.4361804	-0.47616363
C144	0.460182	2.2213178	-0.49321362	1.1644968	2.4306011
C145	0.34514967	1.9076114	0.5928092	1.0055285	2.4435093
C146	2.9551997	3.8276412	1.3071202	0.8827335	-0.41222835
C147	-0.61894107	0.7604778	-0.062344585	0.9759303	1.726918
C149	2.0026174	3.3210773	1.1123081	1.1084869	0.32795137
C150	1.3634496	3.0513997	-0.03915548	1.1065043	0.89248127
C151	0.04340791	2.673533	2.3668282	0.9273655	-1.6399603
C152	-0.72087574	2.1928165	1.3219056	0.7206466	0.6786418
C153	-0.9890069	1.6952361	2.451553	0.90904176	-1.0308474
C154	1.8758475	3.8098001	1.6420869	1.1074291	1.0262351
C155	3.8376145	5.115101	1.4258053	0.25665268	0.6707079
C156	1.4833518	2.5497687	0.51942384	1.8016543	2.2047598
C157	-0.1381856	1.8423387	-0.27278182	1.4586517	2.2509968
C158	1.836061	3.2578428	1.5215768	1.2405298	0.9563098
C160	-2.0949233	1.2939526	2.4615352	1.4523866	-1.7203634
C161	2.2578692	3.5094392	0.5810217	1.3989005	2.0907223
C162	3.824206	4.206332	1.5994331	0.67935556	1.1091783
C163	-0.15443525	2.5209491	1.9237163	-1.2767141	-3.024302
C164	0.5275993	3.0861504	1.5446568	-1.383405	-2.3896632
C165	0.3282513	2.5529356	1.0777508	-0.66123325	-2.1804345
C166	0.63331616	2.5321224	1.9180821	-1.6659395	-2.2040265
C167	1.1393274	3.4842243	1.1653496	-0.3893525	-0.6969641
C168	1.1413829	2.8876011	1.1895291	-0.7600434	-1.4431618
C169	-0.42325482	2.1410756	2.1122694	-1.4763601	-3.1071389
C170	-0.4910594	2.2283685	1.7473449	-1.3534517	-3.1042914
C171	0.10691016	2.357404	2.074478	-1.3702979	-2.8344955
C172	0.98126745	2.9379401	1.0607531	-0.7455584	-1.1280719
C173	0.76462674	2.6841958	1.5809221	-0.4140232	-0.24938408
C174	1.0992125	2.2248604	0.7254124	-0.2069708	0.055406652
C175	0.6828518	1.7315869	-0.041163675	-0.9432484	0.059850533
C176	0.47045615	1.9031128	1.1067339	-0.82915425	-1.021145
C177	1.5570151	3.296218	1.581194	-0.5804918	0.039790057
C178	0.2789195	2.1038568	1.5333465	-0.82738686	-1.2742525
C179	-0.18146168	2.0597417	1.5615754	-1.764899	-1.5532243
C180	0.49841282	2.5427046	1.6253842	-1.8131799	-2.0724788
C181	-0.32552588	1.845241	1.6891311	-1.2316939	-2.680241
C182	-0.7600822	2.2739396	2.1162915	-1.1668088	-3.2452035
C183	-0.7728559	1.8019669	0.8907456	-1.0458584	-1.6307688
C184	-0.13326344	2.0048082	0.23444343	-0.2930726	-0.12497777
C185	-0.96319705	1.6386777	0.7681935	-1.0054127	-1.2330744
C186	-0.3169446	1.8701744	1.8671318	-1.7797267	-2.6842964
C187	-1.2660102	1.8803048	1.6795765	-1.7287152	-3.22631
C188	-0.7836047	1.9755673	1.868111	-1.0423847	-3.0683308
C189	-0.4385696	1.2662365	0.09228141	-0.46860906	0.5978231
C190	-1.3883982	1.6362998	1.44213	-1.3071811	-3.6597137
C191	0.48137966	2.041616	0.0023818603	0.07967099	0.20542118
C192	0.28701532	2.1432445	0.25314122	-0.6550315	-0.16414557
C193	1.7553797	4.416153	1.468836	-0.6063569	-0.6167529
C194	-1.9621319	1.4815801	0.050696604	-1.1224296	-0.8821723
C195	-2.2147896	1.0480322	1.0166657	-1.7253892	-3.9622364
C196	-1.1977361	0.9792649	-0.071697675	-0.65255827	-1.0539788
C197	-1.8147105	0.676515	-0.7690086	-0.103497684	0.99921453
C198	-1.2686741	1.7971115	-0.09668861	-0.76145995	-0.22866592
C199	-2.8010182	0.17878774	0.5873818	-1.2302694	-1.847039
C200	0.2270728	3.0687966	2.1181307	-0.7148876	-1.1728865
C475	-3.1322715	-0.14280489	0.9062367	-0.8134606	-1.5132968
C476	-2.8001006	0.18811975	0.5806755	-1.7006736	-1.2918752
C480	-3.1473489	0.34049708	0.8145765	1.0920984	-1.8326392
C481	-2.0610564	1.0320476	0.4722737	0.43101528	-1.8947371
C483	-3.2404096	-0.16788295	0.7389194	-0.97984385	-1.0456965
C484	-2.6041017	0.57922626	-0.24283639	-0.65041196	0.46014798
C485	-3.0999863	0.23605286	0.022312066	-1.2197762	-0.35040173
C486	-3.5889409	0.2148148	0.41517362	-2.7646413	-2.9324927
C488	-3.499247	-0.25398135	0.1150222	-3.1113038	-3.1072762
C492	-1.8582866	0.09049764	-0.80444235	-2.9664311	-1.3961514
C495	-3.2017972	-0.06812762	0.40971312	-1.8196837	-1.5370272
C496	-3.2446392	0.39540166	1.3769814	-1.873442	-2.617894
C501	-3.1967719	-0.45807534	-0.006044042	-0.77008694	0.8344518
C502	-2.531503	-0.37471825	-1.7995201	-4.6837955	-1.7702998
C503	-2.0747633	0.07193921	-0.53379166	0.2815682	0.9853978
C505	-2.4733312	0.15605654	-1.2923082	-2.2204487	0.8557232
C506	-0.38663414	1.1849989	-1.3653802	0.9218922	1.677007
C507	-3.2468002	-0.45264736	1.0092937	0.23241708	0.6500101
C508	-1.6966966	0.67445576	-0.7631135	0.54000556	1.714128
C510	-1.458212	0.33325088	-0.6204562	0.98689413	1.3332812
C512	-1.7294179	0.15381244	-0.96346194	1.2154	2.3953109
C513	-5.139104	-0.6233224	2.2198243	-0.5489041	0.5969917
C514	-5.577892	-0.4605955	3.1517298	-0.2831439	0.4220388
C515	-4.695541	-1.193009	1.169103	1.2499195	2.283331
C516	-2.458949	0.2792426	-1.1236793	0.7680869	3.1148899
C518	-4.499655	-0.49639145	0.92763424	-0.5420516	0.8549826
C519	-2.9905908	-0.512879	-2.2879655	-2.7426476	0.37190193
C521	-5.607273	-0.5850165	2.1011803	0.34585258	1.4613512
C523	-2.0137978	0.04562482	-1.5750899	1.1865383	3.822289
C525	-6.810255	-1.5711819	2.7914603	0.8028503	1.2437456
C528	-3.7905602	-0.77796143	-0.34219405	1.2272836	3.7951488
C530	-1.9585692	0.36684284	-1.1831378	1.0068823	3.363469
C531	-4.4707103	-0.81125414	0.2651631	1.0546758	2.878169
C533	-0.9875545	0.7015854	-2.1049395	2.0455067	2.0451179
C535	-0.6238422	0.9624425	-2.0727785	1.8463713	2.9732015
C537	-4.5288796	-1.0070409	0.5999296	-0.29872188	-3.7309327
C538	-2.8455193	-1.395004	-3.5948896	-3.9901798	-3.8066967
C540	-5.040258	-2.3134317	-0.9356508	-2.7279534	-2.280522
C542	-4.81861	-1.5556668	-0.1193848	-1.5517156	-3.173869
C544	-4.715239	-0.98913586	0.41457936	-0.5443508	-3.6477656
C548	-4.723283	-0.9474889	0.7279767	1.2028463	-1.3868537
C549	-2.937445	-1.691401	-2.7872689	-3.3434978	-3.2529914
C552	-3.1451073	-1.5250071	-2.9763465	-3.8026478	-2.9425082
C553	-4.949944	-1.1663482	0.6122116	-0.8463328	-3.5523405
C554	-3.2492878	-1.5956118	-2.5591526	-3.2948513	-3.6893528
C555	-5.6364207	-1.3352244	1.1632308	-0.2054692	-3.1571016
C557	-5.2587113	-1.644112	-0.5115783	-1.8762832	-2.1653264
C558	-5.9988494	-1.5633823	1.5802416	-0.012486361	-1.9683156
C559	-4.755761	-0.8491921	0.8937578	0.15063913	-3.1218622
C560	-4.3164253	-1.435454	-0.49830493	-1.5000526	-3.2915423
C563	-5.217138	-1.5937871	1.4201114	-0.0757986	-2.8252974
C564	-5.6232414	-1.4750707	0.61351216	-1.3034273	-1.8195223
C565	-5.9869285	-1.4721657	2.3759916	1.2813785	-1.6045197
C566	-8.290911	-2.3462663	4.556372	0.32445818	-0.5126293
C568	-5.1638737	-0.74901766	1.8383507	2.0236948	-3.1912484
C569	-5.2348394	-0.8840254	1.8000587	-0.17974383	-1.8811449
C570	-5.4112873	-0.9884968	1.1491202	1.3653529	-1.6358949
C572	-7.4012394	-2.1185734	3.3508596	0.39805835	-1.2074949
C573	-7.7716913	-2.1261437	3.7885368	0.4961242	-0.81038064
C574	-6.772656	-1.5924968	2.7512245	1.0725687	-1.6486943
C575	-7.8866577	-2.535821	3.4712024	1.046352	-1.4580691
C576	-6.832167	-1.3455421	2.6190977	0.7575232	-1.5855056
C577	-5.779497	-1.0517864	2.5772521	0.9712827	-1.9808931
C578	-5.875832	-0.95036936	2.2159073	1.7540555	-2.56379
C579	-7.2592497	-1.725655	3.2497966	0.77521706	-1.5144134
C580	-8.532181	-2.954044	4.2121587	0.082685485	-0.31855565
C581	-8.967742	-2.4775984	4.604598	0.2056818	-0.67073846
C584	-6.664352	-1.1899683	2.746527	1.0048506	-0.96121603
C585	-9.042927	-2.630491	4.6407146	0.44598538	-0.53681284
C586	-4.9370255	-0.6351649	1.814102	1.4466563	-2.8496706
C587	-6.6377788	-1.3046478	2.8418615	0.8589066	-1.8835357
C588	-4.120257	0.084351085	1.0066723	2.0639193	-3.3560183
C591	-9.152365	-2.7102935	4.8666754	0.7119457	-0.84701335
C593	-6.89372	-1.8157829	2.8577926	1.2103205	-1.51258
C594	-5.983123	-1.3430456	1.6708277	1.2695446	-0.17880267
C595	-6.458406	-1.5790758	2.555252	0.47619125	-1.866809
C596	-4.088682	-0.123827726	1.3610773	1.7467324	-3.3819234
C602	-7.7414837	-1.9606363	3.0527744	0.90160036	-1.1311799
C603	-4.4942346	-0.12500589	1.8776622	2.4177601	-2.4376998
C605	-5.7807426	-0.2329874	1.7772698	2.1950421	-1.9449402
C606	-7.1226	-1.4581869	3.3382993	0.3232405	-1.6462471
C607	-6.129398	-0.9854349	1.1745386	1.499476	-1.2498735
C608	-8.455249	-2.9906693	4.197066	0.20635551	-0.31795877
C609	-9.554323	-2.9213479	4.6248293	0.6862598	0.211082
C616	-2.0172446	0.8828757	-1.2505116	3.377645	-1.5379432
C622	-2.1975749	-0.44437444	-1.1463971	3.4563031	0.11917866
C623	0.18522152	0.6780751	-3.2702482	3.4897308	1.0390391
C625	-2.527924	-0.1742251	-1.8227953	2.6687524	1.175557
C626	-0.92711425	0.329637	-2.6027305	2.891811	0.24443588
C627	-1.3527441	0.9992932	-2.5978553	3.3709166	-0.012405626
C628	0.029227547	0.9310381	-2.4310732	4.7181425	-1.1284038
C630	-1.5045598	-0.18723416	-1.8945646	3.1901836	0.7451521
C631	0.82084185	0.99337703	-3.129714	4.9025536	-1.1949787
C632	-0.61136043	0.4562335	-2.621198	3.8446581	0.1337223
C633	-1.5151342	-0.5312067	-2.3157337	3.08313	2.1032822
C635	0.4017872	0.5006883	-3.731681	2.227926	-0.30569413
C637	0.5934583	0.9358433	-3.421666	4.0206885	0.66351026
C638	-7.4146495	-2.3655386	2.408888	-0.9464472	-1.2729088
C640	-6.450639	-1.9854163	1.803198	-0.56396073	-0.049314044
C641	-6.1903977	-1.9473226	1.4397773	-0.67244774	0.09807218
C642	-5.3146195	-0.91989213	1.1294138	-0.11319015	-1.2821997
C643	-4.8643336	-1.4761832	0.40013844	0.022657052	0.3380083
C645	-7.258766	-2.518724	2.2031496	-1.330322	-0.42150125
C646	-5.157975	-1.1414413	0.6071576	0.28082788	0.6709705
C647	-4.528747	-1.0226885	-0.07804447	0.079520434	0.7880443
C648	-5.279455	-1.3526318	0.06118215	0.64333093	2.6322477
C650	-5.2526107	-0.8765508	0.96764475	0.4188791	-0.047112953
C651	-5.6512885	-1.6575056	0.47779587	-0.3368585	1.5558343
C652	-5.943344	-1.60472	0.9135967	-0.5032119	1.5882804
C653	-5.1822615	-1.0849131	1.2760769	0.06024804	-1.4112488
C655	-7.530961	-2.3487866	2.440458	-0.8224967	-0.6754769
C656	-8.01915	-2.8229733	2.3795934	-0.9103057	-0.56272966
C657	-6.4743066	-1.9264024	1.2672772	-0.36279112	1.236436
C658	-4.1278586	-0.9267577	0.26825884	0.8561093	0.81561226
C660	-5.3119154	-0.9024948	1.2430168	0.28504974	-1.2296699
C661	-7.3179655	-2.202436	1.8389189	-1.1107688	0.016120793
C662	-6.873581	-1.9280437	1.7086258	-1.0245407	-0.8763641
C663	-7.7340927	-3.0357597	2.2653406	-1.199261	0.4061523
C665	-9.235645	-3.7136247	3.408058	-1.5899132	-0.08471929
C666	-3.9064794	-1.206332	-1.0660785	0.49672428	3.4942796
C667	-4.397383	-1.2640716	-0.5548721	-0.16313142	2.5950694
C669	-7.976895	-2.3816552	2.8495996	-1.0331535	1.1642773
C670	-8.9998665	-3.6399214	2.8363948	-1.9033294	-0.46787354
C671	-7.4869394	-2.4239094	2.2399187	-0.6315633	1.7383956
C672	-5.5677414	-1.5537424	0.046478953	0.23367779	3.4716918
C690	-8.18892	-3.1047878	2.2607596	-1.8008235	0.3440918
C691	-6.100453	-2.238124	0.8419978	-0.3142334	2.7817354
C692	-7.27692	-2.3753817	2.2161167	-0.05535329	2.502648
C694	-4.3703	-1.7589314	-0.78636366	0.060297806	3.0757449
C706	-6.267934	-2.373191	0.1003767	-0.5871459	2.8296003
C707	-7.2188773	-2.1612968	1.6853793	0.30849496	2.6760201
C709	-5.9979506	-1.8487643	0.55148953	0.23600022	3.5404832
C711	-5.2716684	-2.0268185	-0.7735939	-0.34660742	3.3770673
C713	-2.9517996	-1.238022	-1.7426096	0.6772187	4.596269
C714	-5.2010107	-1.6881423	-0.3634646	0.5017567	4.0604963
C715	-1.9125991	-1.3316587	-4.088328	-1.5855396	1.9373713
C716	-3.0903044	-1.7598943	-3.404587	-2.027412	2.3849716
C718	-2.8982491	-1.401553	-3.1050963	-1.5889351	2.2566214
C720	-2.0195312	-0.73547775	-2.744855	0.63714045	4.376919
C721	-1.8138554	-0.6152427	-3.1180553	1.2667046	5.502997
C722	-1.7039788	-0.91203314	-2.6897912	0.75768113	4.177301
C724	-3.0638902	-1.7336012	-3.3218274	-2.0713348	1.9521952
C725	-2.4631526	-1.1137245	-2.7932873	0.14428315	4.2782774
C726	-1.9885148	-0.8483783	-3.0460548	0.48322636	4.3522925
C727	-3.2417915	-1.2587585	-3.1208777	-0.603038	3.6509917
C728	-3.5324163	-1.5211784	-2.2934904	-1.6724961	2.7308779
C730	-2.7739828	-1.1942543	-2.698099	-0.33701363	3.4281492
C731	-4.4657283	-1.8017951	-1.4798942	-0.26420203	3.2746794
C732	-3.8800886	-2.1059415	-3.017552	-2.8345797	1.3050325
4_1650	1.2834338	0.50415385	-3.4051416	2.7626452	0.8013397
4_1651	1.6033968	-1.132947	-1.8549076	1.807675	1.5242416
4_1652	0.1542017	-0.47561786	-2.8673866	1.6307698	3.1366446
4_1653	1.0473579	-0.43356228	-3.1738272	2.1313117	2.7856896
4_1654	1.7474039	-0.4976541	-3.1581275	2.6641588	1.4625164
4_1656	0.7588821	-1.3803266	-1.8630402	1.570505	3.926612
4_1657	0.41643792	-0.21894033	-2.7214088	1.9546174	2.697141
4_1658	1.3225847	-0.11965254	-2.8769784	2.0420465	0.8807477
4_1659	1.2728983	0.20010099	-3.4274268	3.17491	0.22686534
4_1660	0.92328185	-0.5660692	-3.5994802	2.0649579	2.4527528
4_1661	1.7954222	-0.472319	-2.8955595	2.3110921	0.7264479
4_1662	0.046484284	-1.062564	-2.6634681	1.6784834	3.4697113
4_1663	1.5032563	-2.382159	-1.2427877	1.6282948	3.4723191
4_1664	3.8464997	-3.6953516	-0.34352332	1.8730608	3.0152106
4_1665	5.815549	-4.5016184	0.5654789	2.4003327	2.57145
4_1666	1.7265617	-2.0940914	-1.2555032	1.5299861	3.5333083
4_1667	4.284779	-3.5152948	-0.1912786	2.2098563	3.151364
4_1668	6.28601	-5.072084	0.7404074	2.075802	2.3461936
4_1669	5.0078573	-3.9845247	0.258493	2.0491903	3.106323
C734	1.6637936	-4.982548	1.8732705	-1.0384842	-2.3374093
C736	-0.8505506	-4.8121667	2.452495	-0.5234012	-0.6788947
C737	-2.4880245	-4.745799	2.9558766	-0.9897827	-1.3807536
C738	0.78958446	-4.456607	0.39365655	-2.762302	-2.2070067
C740	2.1251318	-5.056351	2.362792	-1.3521649	-1.5828092
C743	-1.1106973	-3.8912816	2.4463136	-0.42575198	0.039785773
C744	-5.725085	-3.7482638	3.6185129	0.21241741	-0.7360796
C745	-3.079494	-4.859891	3.7989354	-0.03792029	-0.6939133
C752	4.996079	-5.8876214	2.2971113	0.32892498	-1.0897992
C753	2.1191027	-4.8796854	1.4162072	-1.0587484	-2.4688575
C754	6.51247	-6.644989	3.0277061	0.5354097	-0.7801272
C756	2.5818768	-4.0687127	0.11123319	-0.16605528	-0.86696744
C757	2.021919	-4.2307687	0.7304005	-1.6550903	-1.683977
C758	1.0643437	-3.8837554	0.99197805	-2.1211526	-2.2549076
C760	-1.3240329	-2.9734938	-0.118783064	-1.4822514	0.04409695
C763	-3.4333024	-3.7057104	1.9085912	-0.2546566	-0.057082426
C764	-2.7466424	-4.4081726	3.2038121	-0.7247882	-0.13183038
C766	2.3523552	-4.8898683	1.2420757	-2.0234015	-2.9852252
C767	1.3538095	-3.614955	0.35124123	-0.40068793	0.17385001
C772	4.0599017	-4.2785397	-0.17447624	-0.08431146	0.19884834
C773	6.430706	-6.2465897	1.6912421	0.7713441	-0.71673024
C775	1.1658269	-3.1160586	-0.97299284	-1.3135353	-1.3615129
C776	6.180817	-6.2647123	1.9201899	0.04558758	-1.0187384
C777	3.1087492	-4.2500715	0.098929316	-0.6772325	-0.41013408
C779	4.7387433	-5.057486	1.3712196	0.44826108	-0.023232223
C780	2.1033442	-3.9830892	-0.7002947	-0.90412915	-0.5789947
C805	-2.714864	-3.325599	-2.1487992	-4.7066264	-2.410642
C806	-1.3829161	-2.4653208	-1.3437374	-3.1990838	-2.8772008
C809	-0.9947595	-2.1219003	-2.4942331	-1.0855883	0.9435623
C810	-2.4178138	-2.662748	-2.476657	-2.2775042	0.9836377
C819	-2.9099665	-2.8458202	-2.702268	-4.2792497	-0.9340197
C827	-2.7069614	-2.4432378	-3.1795259	-5.762746	-2.003387
C829	-0.010880337	-1.6554292	-3.2602174	-1.4872833	1.0853372
4_1138	9.102464	-6.816418	0.84402	-0.43918896	-0.58122206
4_1140	9.579544	-7.2659397	0.98472995	-0.07815783	-0.38029632
4_1141	9.45435	-6.8777547	1.0851716	0.35934663	-0.2018372
4_1142	9.24764	-7.0151315	1.3326368	0.41697904	-0.49926323
4_1143	9.191529	-6.931291	1.3611271	-0.06246039	-0.8292873
4_1144	10.059176	-7.416352	2.1295664	0.8994506	-0.36668536
4_1145	8.757893	-7.0902395	0.9657476	-0.61743385	-0.62081784
4_1146	8.401117	-7.167032	1.4434423	6.7406526E-4	-0.448229
4_1147	8.830718	-7.0550556	1.144316	-0.2796434	-0.37824985
4_1148	10.149821	-7.313362	1.8490828	0.557154	-0.009816601
4_1149	7.56311	-5.6600356	0.9599508	1.2102214	-0.5992696
4_1150	12.605929	-8.924414	3.3139215	2.169239	0.65390724
4_1151	6.4801955	-5.648974	-0.29801813	-0.47348753	0.2336167
4_1152	9.827926	-7.2434163	1.5911086	0.11576084	-6.236096E-4
4_1153	7.2201533	-6.779188	-0.010372923	-1.0094209	-0.77808386
4_1155	10.917048	-7.7090616	2.2295625	1.534565	0.32329306
4_1156	8.209573	-6.6055727	0.5239299	-1.1554353	-0.9634702
4_1157	8.035678	-7.2569923	1.0427704	-0.7574468	-0.5422683
4_1159	9.300784	-6.9483905	1.0135055	0.11470598	-0.33062544
4_1160	7.846959	-6.7612767	1.2234905	-0.58209157	-1.1187717
4_1161	9.379156	-7.38862	1.6157176	0.57241845	-0.091776684
4_1162	10.697814	-7.9059787	2.2249308	1.029385	-0.011318368
4_1325	9.218746	-7.407114	1.2069182	0.42141262	-0.48464972
4_1326	8.610191	-6.7978683	0.75878805	-0.40809968	-1.1045384
4_1327	7.273555	-6.3659706	0.2724747	-0.65449214	-0.9137868
4_1328	8.600254	-7.3272853	1.2780027	-0.116294466	0.24580714
4_1329	11.284237	-8.328597	2.8171966	1.6751083	0.26883274
4_1330	7.3520293	-6.538861	0.63132554	-1.0053041	-1.5686953
4_1331	9.632553	-7.2538223	2.2345517	0.27696934	0.14856216
4_1332	10.811994	-7.8665614	1.7985457	1.1561034	0.2685383
4_1333	12.115774	-8.521721	2.9949346	1.7736045	-0.17104672
4_1334	8.890875	-7.1464715	2.2131298	1.2626904	-0.29907116
4_1335	7.415287	-6.6820526	0.38936707	-1.1021867	-1.7474976
4_1336	8.47624	-6.164785	1.4835718	0.37359282	-0.44887006
4_1337	7.319762	-5.5628653	0.28047347	0.5480429	0.8971962
4_1338	8.48151	-6.947035	0.9179969	0.013594775	-0.19845238
4_1339	8.152719	-6.931428	1.4072609	-0.4214303	-0.07121501
4_1340	11.407141	-8.2969475	2.4174297	1.3709416	0.20983928
4_1341	9.885555	-7.3851457	1.7102351	0.8028163	-0.103813015
4_1342	9.790483	-7.5714145	2.4782352	1.0862505	0.23457628
4_1343	7.9343715	-7.2018137	1.7652669	0.080118425	-0.37667835
4_1344	9.82671	-7.3637524	1.6658429	0.13152792	-0.3224934
4_1345	7.3320017	-6.609618	0.8125243	-1.0133626	-0.7291356
4_1346	10.984912	-7.806711	2.0177162	1.3442224	0.36957133
4_1347	11.354103	-8.191262	2.9345691	1.9235256	0.52324206
4_1348	6.646619	-5.8759503	0.9862634	0.20780623	0.06772111
4_1349	7.0074067	-6.772527	0.41133046	-1.0829374	-0.98748964
4_1350	7.883513	-6.4537253	1.0964326	-1.0666703	-0.48383075
4_1351	6.161561	-5.816622	0.3470466	-0.6547215	-0.17139673
4_1352	7.503707	-6.7232866	1.4467086	-0.0077690445	0.09323194
4_1353	7.0597696	-6.762127	0.52994305	-1.2181822	-0.5594261
4_1354	8.34871	-7.243294	1.5117526	-0.6049485	-0.59193045
4_1355	7.6243834	-6.3077173	0.693851	-1.0699587	-1.0382715
4_1356	11.8229065	-8.249912	2.836589	1.4881008	0.36786443
4_1357	12.855826	-8.959083	4.052211	2.4224207	0.64350784
4_1358	12.713227	-8.705076	3.7483482	2.0232763	0.427438
4_1359	11.713188	-8.363867	2.7955968	2.003493	0.68682414
4_1360	7.560656	-6.7106	1.9031914	0.9666062	0.10684362
4_1361	8.944975	-6.4362135	1.4975816	1.3901465	1.3129839
4_1362	9.198875	-7.222989	1.7625816	0.07931789	0.096182205
4_1363	-1.7518494	-3.1741111	-2.5814574	-5.333537	-2.3583252
4_1364	1.8188045	-2.9412837	-9.09856	-8.38138	-3.4221127
4_1365	-1.8975434	-2.2663403	-3.874625	-2.1531157	0.87789094
4_1366	1.5806034	-2.2018862	-7.84795	-6.025387	-2.4039743
4_1367	-2.4524903	-2.3859403	-1.7928942	-2.7220552	-0.5132129
4_1368	-0.32730517	-1.7120532	-5.0457463	-2.7280357	0.8610697
4_1369	1.1389111	-2.1972473	-7.1685195	-5.5842223	-0.7309908
4_1370	0.8226176	-2.608827	-6.0018864	-5.3485603	-0.9614659
4_1371	0.6957395	-2.342157	-6.6343226	-3.9993327	-0.19271079
4_1372	-2.0975268	-3.2155252	-2.4591699	-3.3698862	0.13128443
4_1373	-1.011666	-3.2360046	-3.4940605	-3.3543758	-0.7343471
4_1374	0.36206102	-2.063659	-6.0541544	-3.4863708	0.6271348
4_1375	-1.1555318	-1.590973	-3.0826628	-0.02168267	3.8357635
4_1376	0.34294054	-2.1316638	-5.1766753	-3.6348555	0.33085957
4_1377	-0.3586292	-1.9755781	-4.8274703	-2.9439716	0.93165326
4_1378	1.0353843	-1.6847662	-7.3081264	-4.0949607	0.4515649
4_1379	1.0167711	-1.8258715	-7.124316	-4.501565	-0.2114306
4_1380	-2.4846084	-1.831176	-1.3142351	-1.0012301	2.4983134
4_1381	0.40529516	-2.2249105	-5.720239	-4.413175	-1.2159749
4_1382	-3.8291204	-2.198145	-1.2304254	-0.04600971	2.3259685
4_1383	0.31823373	-1.4689872	-5.077764	-1.8993325	1.8445002
4_1384	1.0540899	-1.6133677	-5.459406	-1.8470275	1.4192561
4_1385	-2.309285	-3.7637348	0.3576206	-1.2820187	1.0663941
4_1386	-2.322645	-2.5512717	-2.7863803	-2.5527763	0.6786927
4_1387	-4.0040684	-2.233553	-0.5361674	0.88208896	3.9358842
4_1388	-5.7314816	-2.7213676	1.8174695	0.4831326	2.065723
4_1389	-7.788794	-3.6714442	4.1256943	0.24431211	0.57835764
4_1390	-7.3101525	-3.560247	3.7090938	-0.18467267	0.7644642
4_1391	-4.951092	-2.6878133	0.9323379	0.5882396	2.250599
4_1392	-3.887418	-3.2516866	0.9252271	-1.0371795	0.97618777
4_1393	0.16261898	-3.2729151	-4.5531206	-3.9112363	-0.025703397
4_1394	1.7418028	-1.9155722	-7.8051763	-3.6822686	0.1726549
4_1395	1.437351	-1.8935714	-7.2884393	-4.2300587	0.41027
4_1396	1.2591174	-1.6290288	-5.7202606	-3.5842893	0.1979716
4_1397	2.471214	-2.1698806	-6.3353777	-3.618643	0.44821462
4_1398	-3.551716	-3.691635	1.8243352	-0.57613295	1.9340328
4_1028	6.941468	7.8645024	1.2920115	-0.18306528	0.5878294
4_1029	3.760668	5.2828813	0.9184491	-1.5364552	-0.51323277
4_1030	2.2692175	3.6818984	0.26416108	-1.9998864	0.11941235
4_1031	3.0773249	4.2765636	0.41142216	-2.6507638	-0.45926517
4_1032	2.374739	4.239402	-0.5319129	-1.4585334	1.4670196
4_1033	4.4723964	6.652868	0.1009863	-0.41257563	1.92959
4_1034	6.271327	7.3982863	0.6390295	0.1533336	0.67159843
4_1035	4.259252	5.948357	-0.080895305	-0.44435126	1.7659099
4_1036	4.47907	5.4623356	-0.51569074	-0.94871426	1.2281818
4_1037	4.281741	5.107907	-0.3039495	-0.2505155	1.140685
4_1038	4.1444054	5.8422413	0.5860081	-0.5647567	1.2696998
4_1039	2.7156878	3.949224	0.33913004	-3.2581656	-0.8643652
4_1040	2.6902788	3.644356	0.16992404	-1.1449343	1.6214834
4_1041	5.827751	5.836827	0.7259791	-0.45574918	1.2735473
4_1042	3.7052665	5.7328625	-0.53399926	-1.7546153	1.1894703
4_1043	1.4845763	3.0898488	-1.262152	-1.7134216	1.9595305
4_1044	-0.74852586	0.40784743	-2.5508416	-0.2591882	3.2945528
4_1045	6.4792814	6.0255065	-0.15443262	-1.3915236	0.40300074
4_1046	5.0198097	6.5254784	-0.15964231	-0.9390752	1.1549747
4_1047	4.2191443	5.4146905	-0.8077284	-2.4905562	0.27850157
4_1050	1.5063269	2.2005248	-2.2032084	-0.7189872	2.2889245
4_1051	3.1756506	6.131404	0.9218345	-1.3965583	0.6940308
4_1052	3.8353605	4.535837	-0.9109463	-1.0170038	1.2234132
4_1053	-0.8942454	-0.4432001	-2.771779	0.18216316	3.0008507
4_1055	6.7759657	5.762233	0.22174706	-0.30668342	1.0683204
4_1056	5.5054345	5.512104	-0.6130255	-1.4547244	0.74090177
4_1057	6.0338883	6.717729	0.94042593	-0.99519366	1.6910563
4_1058	4.602661	4.071341	0.34860155	-1.0813532	1.5005153
4_1059	-1.2495728	-0.5460638	-2.9586203	0.5777862	4.1204596
4_1060	-0.41178632	0.26855364	-2.2262983	-2.4288783	0.8171237
4_1061	5.145892	5.512374	-0.067153595	0.022510272	1.9793426
4_1062	5.7806816	6.582992	0.9926088	-0.35219464	1.7024325
4_1063	3.9765708	4.5910964	-0.19416536	-0.6679919	2.0473604
4_1244	-4.3699656	-1.7219359	-1.3247325	-2.9795332	0.61320615
4_1245	-7.4720225	-2.2491896	3.0193458	-0.25686023	1.4248456
4_1246	-1.4213452	-0.6009283	-3.2751977	0.67724645	4.5460877
4_1247	-9.12186	-2.9453511	4.3002577	-0.44802982	0.7305855
4_1249	-0.778082	-0.30104306	-3.6390872	-0.04450213	2.6039546
4_1250	-4.786217	-1.0233555	0.19352518	-0.6801729	2.6817021
4_1251	-0.07253793	-0.38443336	-4.3859825	-2.734896	1.4684776
4_1252	-7.1377497	-1.6521524	2.6924462	-1.8415812	-0.05355308
4_1253	2.070371	-1.5847093	-11.421478	-8.5571	-3.5774407
4_1254	1.686363	-1.2791046	-9.260655	-5.9791946	-1.6872551
4_1255	-2.542932	-1.5425164	-4.7890396	-6.334405	-2.3356287
4_1256	-7.4599767	-2.2755506	2.4253526	-0.9758089	0.576872
4_1257	1.8816824	-0.85514355	-9.448292	-5.994469	-1.6838902
4_1399	4.4423175	4.9830694	-0.5820666	0.8176965	-1.1323665
4_1400	3.94851	4.8723555	-1.4674951	1.1320074	-0.9922613
4_1401	3.4171457	3.5193565	-2.1474118	3.5540762	-1.4345626
4_1402	4.3654823	4.579285	-1.3316848	1.0749402	-1.0538017
4_1403	3.940211	4.5272408	-2.022677	1.7567987	-0.9493735
4_1404	4.482781	4.6853333	-0.44530767	0.38411096	-1.2785302
4_1405	4.119986	4.4061236	-0.7809051	0.08815487	-0.80655354
4_894	6.102649	6.9879727	1.3627701	-1.0098411	0.97868264
4_895	6.1699657	7.482209	1.1097461	-0.5644607	0.23119299
4_896	5.608601	6.9844613	1.1939657	-0.46135777	0.4001582
4_897	4.610153	5.2633867	0.06594921	-0.92196286	1.2245362
4_898	4.9190273	5.3702374	-0.41126508	-1.170516	0.7838607
4_899	5.7079973	6.043439	0.9241671	-0.7825775	1.1968585
4_900	4.3790083	5.6958017	0.1991655	-1.3284104	0.76211476
4_901	4.6670766	5.535845	0.57589984	-1.344996	0.028863302
4_903	5.108482	5.7434707	1.4190211	-1.3894554	0.46244577
4_905	4.601432	5.675682	1.0303688	-0.89206815	-0.06544359
4_906	4.644402	5.1082788	0.69051844	-1.2611781	-0.7548572
4_907	4.032935	5.3889947	1.190267	-1.6562203	0.59800476
4_908	4.8236594	6.1994457	0.4348489	-1.0630268	0.708609
4_909	4.588187	5.712999	1.1032803	-0.43084574	0.6222149
4_910	4.752213	5.1267924	0.8999725	-1.2888764	-0.2103214
4_911	4.4224486	5.671484	0.6801633	-1.8033894	-0.3192794
4_913	5.097876	5.7918057	0.9316091	-0.94418573	0.07257996
4_914	3.8955064	3.9036667	-0.38263395	-0.95943755	0.278877
4_915	4.492465	5.3114443	0.7926647	-1.8498541	-0.49200416
4_916	4.0797377	5.0243464	0.19376144	-0.48350728	1.4707618
4_917	4.259671	5.461459	0.573669	-1.0847111	0.4016782
4_918	3.3307872	4.294925	0.19426048	-1.2400559	0.82443017
4_919	3.5523658	4.652738	0.45708874	-1.204164	-0.13450366
4_920	4.4455895	5.476177	0.5823744	-1.7555104	-0.86813104
4_921	4.0332174	4.484207	0.11777515	-1.3448616	0.8301264
4_922	4.781666	6.534652	0.36425066	-0.8030706	0.64837635
4_923	3.8794262	4.7316356	0.064129576	-1.5760325	0.33466235
4_924	4.5504584	5.738906	0.5899211	-1.5704962	0.22610319
4_925	3.4643097	4.448476	-0.13143797	-1.518988	0.34763944
4_926	3.922387	4.508769	-0.35562643	-1.493794	0.61577535
4_927	4.071228	5.1287503	0.32029074	-1.9813734	0.7005619
4_928	4.191371	5.1527486	0.05173929	-1.9966326	0.28215763
4_930	4.2599845	5.97129	0.87999374	-1.0469111	0.44467586
4_931	5.0141983	5.902484	0.9319752	-1.4756951	-0.13255614
4_932	4.1997075	6.130945	0.6453065	-1.5165063	0.4863436
4_933	5.9180202	6.941224	0.31158975	-1.0058452	0.45733145
4_934	5.894582	7.468597	0.5989243	-0.91661024	-0.20051369
4_935	5.8332825	7.147753	1.5386311	-1.6820358	0.28698048
4_936	5.9946856	6.2239065	0.67016774	-0.914798	0.8335728
4_937	4.493945	5.5561085	-0.20229155	-1.0943825	0.53714424
4_1163	-4.9031796	-0.6402711	1.8172189	-1.1538876	3.7694268E-4
4_1164	-5.7009826	-0.90390384	1.4473658	-1.4833988	-2.8341422
4_1165	-4.319893	-0.6436286	0.4642609	-1.0133353	-0.745066
4_1166	-4.781026	-0.3203433	1.1774073	-2.2799158	-2.4624794
4_1167	-5.1206636	-0.55419916	1.1158291	-0.98122454	0.59229517
4_1168	-4.251133	-0.61722016	1.4216831	-1.7783422	1.283585
4_1169	-3.1714907	-1.011691	-3.7504082	-6.583889	-1.8130932
4_1170	-3.6890707	-1.1623243	-1.822412	-3.5716877	-2.117648
4_1171	-4.4104304	-1.9893465	-1.4060663	-3.2945316	-0.7131351
4_1172	-3.2391984	-1.4623599	-2.883983	-5.2916594	-0.6460343
4_1173	-2.9376266	0.0036635243	0.8269453	-0.5687159	0.5095974
4_1174	-5.107136	-0.074288495	2.274128	-0.22976178	-3.1328506
4_1175	-9.570595	-2.5540543	5.2288604	-0.26821786	-0.105540276
4_1176	-8.643589	-2.1760924	4.241265	-0.084680624	-0.080716975
4_1177	-8.311781	-2.2558277	3.9211159	0.05275499	0.19639628
4_1178	-2.9365335	-0.42180374	-1.4896666	-1.2418969	2.7052824
4_1179	-4.418906	-1.6959641	-1.722638	-3.1152523	-0.8204368
4_1180	-3.6277616	-1.2476361	-3.1020303	-4.1187224	-1.1395532
4_1182	-3.896796	1.0552945	1.1810591	1.4387764	-1.7694265
4_1183	-0.47162855	2.3870568	-1.0357229	1.9226408	-2.2123685
4_1184	-5.258633	-1.095291	1.10412	-0.1424677	2.4029179
4_1185	-0.72406054	0.6514018	-1.3633956	0.23892146	3.001232
4_1186	-4.8676033	-0.851889	0.38385436	0.34086466	3.0229464
4_1188	-5.404196	-0.9753646	0.7125518	0.38907337	2.4520419
4_1190	-4.856747	-0.2561063	0.6358904	1.6734385	-0.3784555
4_1191	-0.0023289146	2.9661121	-1.6326145	1.938552	-2.640158
4_1192	-2.7431917	0.87560225	0.43614036	0.8302807	-0.22926636
4_1193	-2.726113	0.59354305	-0.3120129	1.8402077	1.4942169
4_1194	-1.8411031	0.90639186	-0.22828831	2.028574	0.3764594
4_1195	-2.7745342	0.6525694	-0.47818148	1.1006157	1.3171257
4_1197	-9.009804	-2.44643	5.1660914	-0.7752118	0.37441579
4_1198	-2.1062932	-0.41253874	-0.8581394	1.0072386	2.6170094
4_1199	-5.15798	0.2044488	2.1535037	0.6317973	-1.7197868
4_1200	-3.3974173	0.8866195	0.20653217	0.5719613	0.12259334
4_1201	-2.5237134	1.0860134	-0.016545512	1.6833836	-1.6916411
4_1203	-2.2875643	0.41830584	-0.7122691	1.5781298	2.1455166
4_1204	-3.3318994	0.10202262	0.18378256	0.9715008	0.605925
4_1207	-4.100273	0.069555506	0.21254817	2.4635363	0.702878
4_887	1.6246814	4.5736656	2.2153316	-1.0500302	-1.7313002
4_888	2.8012455	4.819568	1.3176873	-0.7454688	0.06178638
4_889	0.19501017	3.0726476	1.8768083	-0.7511153	-1.2816561
4_890	1.2908037	4.1078324	1.2779335	-1.0899403	-0.69924647
4_891	2.5863447	5.1617875	1.5633434	-0.96360993	-0.30383933
4_892	0.44425872	3.3393447	2.2114391	-1.7558316	-2.1639082
4_938	-0.06494987	3.059055	2.135238	-0.7012544	-1.8693248
4_939	0.7471208	4.108902	2.570957	-1.2640587	-1.7309014
4_940	-1.3155774	1.6179391	1.6458037	-0.3777427	-0.43452364
4_941	2.5715218	4.4899917	1.466696	-0.54990983	-0.48762324
4_942	2.7094712	5.044863	1.3771175	-0.42313024	0.56752473
4_943	0.15438414	2.2834404	0.52192235	-0.8709867	0.30413628
4_944	0.67382675	2.7190883	0.4229742	-0.8240797	0.049732927
4_945	1.2054474	4.003226	1.5987046	-0.65255576	-0.09137777
4_946	3.0841794	4.9788065	1.3202876	-0.61420614	-0.045904554
4_947	1.3864257	3.9710937	1.9730214	-1.021137	-1.2493333
4_948	0.98609096	3.85645	2.4486864	-1.205983	-1.5299103
4_949	0.8652285	4.245143	2.068617	-1.0462393	-0.43664014
4_950	0.16392562	3.4639215	2.5347528	-0.61102605	-1.822957
4_951	2.0777283	5.094178	1.5942842	-0.75666326	0.52253455
4_952	2.4391506	4.2241917	1.314204	-0.49647507	0.008532512
4_953	0.48349687	3.8947475	1.433336	-1.0663083	-0.6629342
4_954	2.987974	5.5561075	1.7244278	-0.32747665	0.92084235
4_955	-0.828033	2.5415564	2.0773058	-0.84224933	-2.3405788
4_956	0.042922862	2.7257743	2.5823572	-1.476076	-1.7892355
4_958	1.0295155	3.9802659	1.0074066	-0.1942447	0.07485717
4_959	-0.6389155	2.5018532	2.126838	-1.4471234	-1.8547258
4_960	2.013988	4.1290607	1.0044535	-0.5585641	1.7077552
4_961	0.4846626	2.7607114	0.26172873	-0.64351296	-0.07914895
4_962	4.5224824	6.319338	1.690729	-1.4018781	-0.07282489
4_963	1.0631871	3.1082041	1.723735	-1.0483545	-0.7617911
4_964	-0.19859503	3.1221385	2.4214423	-1.2668507	-2.3341856
4_965	1.9042869	3.901475	1.8807908	-0.91758066	0.46771932
4_966	2.1538012	3.8867877	1.2252162	-0.45836663	0.23857662
4_967	1.4303759	4.1008434	1.166087	-0.5113814	0.039329275
4_968	-1.8282715	1.5323222	1.2746054	-1.186046	-0.54971063
4_969	2.285585	3.707961	1.2865907	-1.2722723	0.35884488
4_970	3.1653643	5.0684366	1.7423006	-0.43756363	0.29332432
4_971	2.171149	4.233266	2.2056549	-0.9600153	0.32451668
4_972	0.45689958	2.7431047	1.7061143	-0.7256994	-0.6439008
4_973	1.4824545	4.18715	1.987319	-0.6792581	-0.28582618
4_974	-0.06234365	2.8548393	2.3658786	-1.5170553	-1.9730668
4_975	1.3455614	3.6271918	1.1014434	-0.8678148	0.3577151
4_978	3.9634008	3.1435702	1.0574018	-0.10892528	0.37267882
4_980	0.6067388	3.2845721	2.229354	-1.1319264	-0.042518213
4_981	1.9181274	4.684816	2.298587	-1.2473763	0.41375867
4_982	0.49168038	3.9232516	1.8377546	-1.0233743	0.6445994
